54.902573;23.940695
54.902211;23.938768
54.901934;23.938795
54.899441;23.93537
54.899001;23.93517
54.898921;23.932091
54.898816;23.930218
54.898397;23.929328
54.89815;23.927504
54.897606;23.925832
54.898576;23.92391
54.89868;23.92156
54.897484;23.921453
54.897126;23.920605
54.897263;23.917635
54.89745;23.911944
54.897728;23.905564
54.897876;23.900176
54.898177;23.896362
54.898083;23.896046
54.896706;23.895972
54.895822;23.895893
54.895984;23.89389
54.895753;23.892312
54.895306;23.890951
54.894972;23.890929
54.895116;23.887484
54.892464;23.887398
54.892369;23.889438
54.891851;23.89141
54.891258;23.893008
54.890237;23.893706
54.889057;23.894534
54.888234;23.895468
54.887389;23.895843
54.876458;23.891684
54.825581;23.872762
54.824022;23.872844
54.824992;23.861016
54.825768;23.849978
54.8239;23.848684
54.820396;23.850331
54.819242;23.855668
54.818313;23.856336
54.809851;23.84703
54.807054;23.848293
54.787634;23.790057
54.787857;23.788565
54.786573;23.78736
54.782562;23.775331
54.782054;23.775425
54.781484;23.76755
54.780089;23.767918
54.77939;23.765818
54.77863;23.762983
54.774692;23.752083
54.765154;23.749176
54.756207;23.750596
54.753786;23.749592
54.741448;23.751071
54.730915;23.732443
54.728214;23.729353
54.727619;23.726864
54.726834;23.724965
54.725243;23.721888
54.724967;23.721355
54.724967;23.721355
54.724967;23.721355
54.718151;23.709183
54.708997;23.701261
54.708629;23.700592
54.708629;23.700592
54.708629;23.700592
54.708629;23.700592
54.708629;23.700592
54.708629;23.700592
54.695135;23.661045
54.695135;23.661045
54.695135;23.661045
54.695135;23.661045
54.695135;23.661045
54.690324;23.646201
54.688593;23.647192
54.681706;23.653438
54.680143;23.653358
54.678192;23.651695
54.667577;23.632665
54.659815;23.611608
54.656178;23.603647
54.648376;23.577349
54.648442;23.576484
54.648251;23.576639
54.64655;23.571596
54.639088;23.556717
54.627699;23.539242
54.616965;23.50997
54.615828;23.457205
54.615561;23.440082
54.615854;23.415869
54.611724;23.413179
54.611995;23.412123
54.609286;23.41017
54.601083;23.400793
54.59642;23.394869
54.596523;23.393497
54.596303;23.393145
54.596502;23.390826
54.59593;23.389903
54.595141;23.393058
54.592804;23.390129
54.592907;23.389544
54.592907;23.389549
54.592909;23.389553
54.592907;23.389545
54.592907;23.389551
54.592909;23.389554
54.592909;23.38955
54.592909;23.389549
54.592909;23.389553
54.592908;23.389547
54.592906;23.389544
54.592907;23.389547
54.592494;23.390326
54.587216;23.383524
54.585364;23.378953
54.583809;23.372278
54.583386;23.372192
54.583454;23.376846
54.582552;23.377754
54.581697;23.377196
54.562664;23.353807
54.561532;23.353142
54.560803;23.353187
54.56082;23.351736
54.560343;23.351204
54.557917;23.350105
54.557444;23.351998
54.55743;23.354364
54.556395;23.354336
54.556809;23.350925
54.556685;23.349402
54.543214;23.346666
54.524551;23.323425
54.495202;23.287002
54.491156;23.282947
54.422426;23.231192
54.414131;23.226032
54.413809;23.227615
54.414087;23.227577
54.414068;23.225963
54.413606;23.22556
54.414173;23.225849
54.414897;23.222523
54.41637;23.219755
54.416783;23.217115
54.415958;23.207931
54.411363;23.187375
54.411268;23.183479
54.412774;23.170638
54.413336;23.163257
54.417706;23.14343
54.41933;23.144116
54.417806;23.143859
54.414455;23.157172
54.411396;23.157236
54.411916;23.149614
54.404719;23.146005
54.40079;23.142934
54.399174;23.143494
54.396638;23.141563
54.392951;23.13635
54.393208;23.12787
54.392503;23.121736
54.392815;23.118775
54.392365;23.116114
54.388617;23.111737
54.386855;23.108582
54.381307;23.105578
54.372559;23.090215
54.372034;23.080945
54.373184;23.07631
54.372959;23.073564
54.371759;23.070602
54.372684;23.064122
54.373013;23.054015
54.370609;23.050861
54.367392;23.0416
54.36606;23.038693
54.366046;23.037171
54.367259;23.037815
54.368941;23.034068
54.368841;23.032802
54.366689;23.029137
54.366933;23.028352
54.370209;23.024383
54.371509;23.023782
54.372834;23.023996
54.375758;23.019941
54.377958;23.018417
54.377283;23.014512
54.375696;23.011336
54.374471;23.007689
54.374259;23.00374
54.374571;23.003869
54.374833;23.003182
54.373908;23.002431
54.374458;22.998118
54.375058;22.996616
54.375246;22.994664
54.374821;22.991874
54.375496;22.989042
54.375883;22.983506
54.376446;22.981242
54.376271;22.979751
54.376196;22.968249
54.376817;22.963491
54.376833;22.961555
54.377596;22.959366
54.378295;22.954409
54.376205;22.947085
54.373967;22.937279
54.373121;22.932973
54.368438;22.92323
54.368646;22.921922
54.369559;22.920012
54.370084;22.916944
54.369759;22.91409
54.371044;22.90021
54.370184;22.89525
54.369959;22.881063
54.369159;22.879554
54.368609;22.877612
54.368021;22.875273
54.368053;22.873066
54.368057;22.867612
54.367477;22.867334
54.367421;22.865349
54.366371;22.865124
54.366153;22.863889
54.365183;22.862871
54.364739;22.86154
54.363658;22.860703
54.364033;22.857184
54.363808;22.845683
54.36502;22.83591
54.362345;22.828281
54.361095;22.822273
54.358688;22.81306
54.358807;22.811179
54.360933;22.801394
54.361247;22.798297
54.362008;22.796116
54.362536;22.795536
54.362708;22.794764
54.363045;22.794555
54.364277;22.794684
54.363242;22.79206
54.364227;22.794646
54.363058;22.79449
54.362699;22.794716
54.362502;22.795585
54.362114;22.796121
54.362033;22.796094
54.362264;22.795081
54.362295;22.793519
54.358507;22.779636
54.358332;22.775474
54.357044;22.77086
54.357657;22.768543
54.35755;22.767226
54.357144;22.765431
54.355461;22.760874
54.354549;22.753428
54.354731;22.749724
54.355956;22.741785
54.355016;22.728709
54.35343;22.72788
54.352255;22.724233
54.353155;22.719598
54.352755;22.714748
54.353269;22.703739
54.352185;22.7027
54.352148;22.701284
54.351329;22.699846
54.351823;22.698333
54.352749;22.697473
54.353044;22.695758
54.35208;22.693419
54.347626;22.685679
54.345771;22.6838
54.339322;22.677302
54.335394;22.674494
54.333892;22.670202
54.325759;22.666469
54.320153;22.661619
54.316098;22.653937
54.312217;22.650289
54.31205;22.648593
54.31205;22.648593
54.31205;22.648593
54.31205;22.648593
54.309013;22.638187
54.307761;22.639518
54.306709;22.636471
54.298145;22.631578
54.294173;22.62594
54.294288;22.61982
54.292134;22.614562
54.290193;22.610979
54.289135;22.603159
54.288524;22.595344
54.288953;22.592225
54.286849;22.588491
54.287421;22.582708
54.287855;22.565478
54.288735;22.559378
54.288226;22.556992
54.286949;22.556262
54.282765;22.541456
54.281913;22.527852
54.282934;22.522827
54.288617;22.514357
54.289653;22.505021
54.293944;22.497761
54.294827;22.491052
54.300037;22.480047
54.300643;22.474325
54.300324;22.469251
54.300694;22.464369
54.298104;22.455212
54.299122;22.447901
54.298997;22.436527
54.304205;22.425155
54.30741;22.411423
54.309013;22.404041
54.308913;22.390137
54.311516;22.370739
54.305407;22.365932
54.310139;22.334003
54.311942;22.325163
54.31238;22.317867
54.308271;22.314875
54.307865;22.311988
54.307782;22.308637
54.308617;22.303493
54.307194;22.303542
54.307188;22.302103
54.308051;22.302071
54.308039;22.301063
54.30588;22.300953
54.303917;22.301441
54.300399;22.29744
54.296905;22.295594
54.294777;22.290637
54.289379;22.285595
54.282688;22.28397
54.272126;22.279808
54.268883;22.27375
54.26352;22.273836
54.252189;22.269909
54.236453;22.253794
54.233882;22.252636
54.23027;22.246199
54.226658;22.241993
54.224751;22.234869
54.214664;22.221308
54.210674;22.210879
54.211176;22.205901
54.207888;22.199893
54.208729;22.18498
54.212305;22.173414
54.214865;22.157965
54.219783;22.151184
54.224149;22.138309
54.2246;22.128696
54.225905;22.119083
54.225504;22.110329
54.225629;22.107797
54.229543;22.094922
54.229881;22.088013
54.232578;22.076683
54.233381;22.07046
54.23537;22.063271
54.235362;22.06331
54.239463;22.049088
54.240667;22.040591
54.244778;22.042462
54.245867;22.037848
54.243375;22.0366
54.241858;22.0369
54.243237;22.030034
54.243187;22.025957
54.240378;22.019348
54.238986;22.011409
54.235066;22.004054
54.231562;21.994672
54.230395;21.984715
54.226366;21.971565
54.225445;21.965698
54.225452;21.965703
54.225452;21.965703
54.225452;21.965703
54.225452;21.965703
54.225452;21.965703
54.225452;21.965703
54.225452;21.965703
54.224907;21.958085
54.225554;21.954803
54.227912;21.951027
54.233581;21.933603
54.234622;21.924291
54.244421;21.904124
54.245168;21.891675
54.245444;21.890806
54.245256;21.890763
54.245492;21.888089
54.247224;21.888113
54.252088;21.883478
54.25274;21.88159
54.251236;21.881161
54.249782;21.879015
54.248779;21.880517
54.247638;21.881118
54.244974;21.8835
54.238096;21.865711
54.236553;21.850755
54.235224;21.846399
54.233004;21.842687
54.229568;21.840048
54.226883;21.833911
54.225604;21.827516
54.226306;21.806145
54.228263;21.801767
54.227962;21.79739
54.223296;21.790009
54.220235;21.77885
54.220084;21.76692
54.221113;21.762114
54.221866;21.748638
54.221715;21.746192
54.220849;21.742624
54.218996;21.739746
54.217742;21.737363
54.217512;21.734637
54.217866;21.730824
54.216516;21.730705
54.21716;21.725599
54.217619;21.720065
54.217374;21.70907
54.215969;21.701517
54.217976;21.68169
54.2175;21.678901
54.219357;21.676025
54.216822;21.663451
54.21363;21.656424
54.213158;21.647358
54.207988;21.647873
54.203081;21.647102
54.208139;21.648602
54.213861;21.6468
54.213083;21.645083
54.211025;21.625214
54.21018;21.622636
54.210092;21.620447
54.21085;21.609592
54.21346;21.596203
54.21366;21.584701
54.21627;21.571483
54.214313;21.558351
54.214062;21.547966
54.209695;21.54376
54.208691;21.540155
54.21085;21.530542
54.21361;21.526937
54.214313;21.524534
54.214012;21.521273
54.211803;21.517153
54.212506;21.50857
54.215116;21.504965
54.226156;21.483765
54.228163;21.473808
54.229166;21.473293
54.229768;21.469431
54.233782;21.458788
54.235153;21.446131
54.231123;21.430893
54.229618;21.418533
54.231299;21.400879
54.231173;21.396732
54.228364;21.38978
54.223798;21.368065
54.223446;21.357508
54.219934;21.353559
54.225353;21.335792
54.220486;21.320944
54.215693;21.313434
54.211954;21.305698
54.212311;21.303885
54.213949;21.301063
54.21622;21.286354
54.214564;21.274767
54.209344;21.256399
54.207135;21.250863
54.207591;21.248968
54.201999;21.241961
54.199906;21.226187
54.197948;21.226272
54.189562;21.210823
54.184617;21.199458
54.185446;21.19536
54.185446;21.19536
54.185446;21.19536
54.185446;21.19536
54.185446;21.19536
54.185446;21.19536
54.185446;21.19536
54.188801;21.173976
54.186546;21.157792
54.185339;21.153073
54.185339;21.153073
54.181106;21.144801
54.181106;21.144801
54.168158;21.138273
54.168081;21.138511
54.168051;21.138284
54.165681;21.137127
54.141391;21.124524
54.144892;21.092377
54.148713;21.081562
54.150145;21.079202
54.150139;21.077743
54.149469;21.074839
54.15188;21.068687
54.157107;21.052036
54.173388;21.006374
54.179969;20.976591
54.1853;20.963862
54.1853;20.963862
54.1853;20.963862
54.193837;20.943512
54.195186;20.932174
54.196115;20.929556
54.198048;20.915136
54.205865;20.902147
54.201261;20.909386
54.197967;20.9096
54.19373;20.907068
54.188507;20.908956
54.185594;20.905437
54.179795;20.900709
54.178173;20.900137
54.176465;20.898271
54.172684;20.881061
54.166655;20.871534
54.166906;20.852737
54.167359;20.843124
54.161158;20.828248
54.161065;20.82761
54.161869;20.825186
54.162572;20.824478
54.16305;20.823255
54.163767;20.821469
54.162698;20.818936
54.162462;20.817967
54.162462;20.817967
54.162462;20.817967
54.158338;20.803385
54.158514;20.795875
54.159368;20.7939
54.15955;20.788548
54.15955;20.788548
54.15955;20.788548
54.159507;20.783966
54.160085;20.777936
54.161454;20.775983
54.161982;20.77343
54.161906;20.770469
54.163967;20.764246
54.163665;20.761542
54.165725;20.752616
54.165801;20.750084
54.168137;20.748153
54.173576;20.737359
54.182622;20.727064
54.182622;20.727064
54.188407;20.718327
54.186825;20.714936
54.181928;20.711331
54.177407;20.704594
54.174418;20.698671
54.170423;20.681763
54.166253;20.672064
54.162987;20.653953
54.159201;20.639831
54.158656;20.633113
54.158254;20.628351
54.157771;20.624249
54.15371;20.61973
54.152359;20.617692
54.15188;20.616617
54.152257;20.615888
54.151678;20.616403
54.150723;20.615244
54.148763;20.61636
54.13911;20.613098
54.130838;20.605931
54.128575;20.601125
54.125182;20.589807
54.125444;20.5878
54.125986;20.58586
54.126831;20.584049
54.126715;20.582659
54.127863;20.580454
54.127707;20.579131
54.127824;20.577949
54.127249;20.57478
54.127508;20.572564
54.126911;20.568855
54.126989;20.564508
54.125086;20.539037
54.125582;20.535936
54.124174;20.519628
54.116528;20.495424
54.113478;20.487957
54.113094;20.486101
54.112364;20.478001
54.108754;20.465255
54.1041;20.460019
54.102414;20.454826
54.101961;20.455084
54.099973;20.453968
54.098589;20.449848
54.097658;20.44457
54.09623;20.439837
54.09623;20.439837
54.09623;20.439837
54.09623;20.439837
54.095367;20.43251
54.094386;20.432296
54.092775;20.429978
54.091542;20.430193
54.090208;20.427017
54.089251;20.415859
54.091668;20.404015
54.095493;20.395775
54.097255;20.386505
54.10264;20.374231
54.105307;20.366421
54.10415;20.362215
54.104653;20.354147
54.101885;20.32299
54.09962;20.320415
54.089201;20.297842
54.08788;20.291242
54.072686;20.239563
54.066516;20.239263
54.067196;20.237331
54.066742;20.233469
54.073391;20.218448
54.075405;20.205746
54.080441;20.192356
54.086785;20.180511
54.095456;20.169032
54.097154;20.159569
54.110742;20.141373
54.112704;20.133433
54.113345;20.132564
54.114754;20.131706
54.115603;20.131341
54.116427;20.130955
54.116106;20.129775
54.115767;20.129979
54.115433;20.128949
54.115128;20.128174
54.114037;20.127854
54.113949;20.126095
54.114081;20.124786
54.113065;20.124205
54.112245;20.122469
54.112553;20.111933
54.108981;20.087686
54.109685;20.079231
54.107572;20.07657
54.106364;20.038891
54.099671;20.024643
54.097607;20.012541
54.087842;19.985933
54.087439;19.981813
54.083158;19.973206
54.083158;19.973206
54.083158;19.973206
54.083158;19.973206
54.083158;19.973206
54.083512;19.949284
54.082785;19.945091
54.082781;19.940974
54.082713;19.940155
54.082367;19.938403
54.082367;19.938403
54.082367;19.938403
54.082367;19.938403
54.08185;19.922247
54.081951;19.911604
54.079685;19.905167
54.081649;19.89727
54.082807;19.884396
54.088496;19.85856
54.086634;19.855127
54.08754;19.844398
54.087892;19.832811
54.085929;19.819078
54.086482;19.814014
54.085425;19.810238
54.086503;19.805616
54.087811;19.796825
54.087531;19.786527
54.087531;19.786527
54.087531;19.786527
54.087531;19.786527
54.087531;19.786527
54.087531;19.786527
54.087531;19.786527
54.087531;19.786527
54.085022;19.780626
54.083538;19.759367
54.083538;19.759367
54.083538;19.759367
54.083538;19.759367
54.083538;19.759367
54.083538;19.759367
54.083538;19.759367
54.083538;19.759367
54.083538;19.759367
54.083538;19.759367
54.083538;19.759367
54.083538;19.759367
54.083538;19.759367
54.083538;19.759367
54.08039;19.738569
54.078779;19.72681
54.079836;19.718056
54.074549;19.695654
54.075758;19.677887
54.075053;19.665613
54.072434;19.662008
54.072459;19.66101
54.069941;19.660292
54.066894;19.655271
54.066365;19.655099
54.066088;19.654112
54.064949;19.653478
54.064696;19.654487
54.066372;19.656514
54.066094;19.657502
54.065962;19.657234
54.066037;19.657599
54.065473;19.659128
54.064469;19.658715
54.064236;19.659294
54.063799;19.659388
54.0635;19.658811
54.063531;19.656429
54.061995;19.655732
54.060023;19.656985
54.058582;19.65703
54.058632;19.655571
54.055106;19.656343
54.04654;19.645443
54.03723;19.629841
54.027839;19.618406
54.020579;19.613171
54.014339;19.612667
54.011497;19.609505
54.011497;19.609505
54.011497;19.609505
54.011497;19.609505
54.00444;19.602098
54.000908;19.598236
53.999709;19.593469
53.999619;19.592502
53.999105;19.588653
53.999105;19.588653
53.999105;19.588653
53.994198;19.582786
53.988429;19.582071
53.988429;19.582071
53.986578;19.574633
53.983632;19.570112
53.983632;19.570112
53.982087;19.562874
53.97926;19.530516
53.982591;19.528112
53.984913;19.52734
53.984509;19.524765
53.983399;19.50408
53.975171;19.471464
53.976068;19.459885
53.974985;19.454031
53.974551;19.452198
53.974551;19.452198
53.974551;19.452198
53.973253;19.45344
53.967397;19.449749
53.953762;19.448805
53.948105;19.441767
53.942953;19.428463
53.938355;19.41164
53.936233;19.39928
53.932494;19.382629
53.932393;19.374304
53.929361;19.365549
53.925621;19.34967
53.924028;19.346769
53.923857;19.346729
53.923854;19.346766
53.923153;19.346885
53.921628;19.346752
53.920578;19.348935
53.919244;19.34762
53.916758;19.345641
53.914427;19.344821
53.912693;19.344478
53.910031;19.346387
53.908093;19.342568
53.902492;19.335766
53.901279;19.333277
53.890759;19.325938
53.889191;19.320316
53.883728;19.31345
53.880818;19.305124
53.876416;19.296627
53.874772;19.294481
53.8729;19.287829
53.867814;19.276199
53.869484;19.269805
53.868016;19.267831
53.867965;19.270406
53.867852;19.267659
53.862968;19.261628
53.867915;19.255257
53.855261;19.200325
53.850704;19.161358
53.849388;19.159813
53.847362;19.144964
53.841792;19.132004
53.841438;19.125051
53.83617;19.113722
53.835613;19.109774
53.836626;19.106083
53.835309;19.10428
53.836879;19.080677
53.835563;19.070291
53.836576;19.066687
53.83926;19.06703
53.841792;19.056816
53.839665;19.054155
53.83769;19.042139
53.832017;19.032011
53.836525;19.01802
53.836424;18.994503
53.833993;18.990898
53.827103;18.989696
53.822848;18.982315
53.813119;18.976307
53.808862;18.965492
53.802983;18.962574
53.800245;18.964462
53.79842;18.964548
53.797052;18.962746
53.791069;18.963561
53.788331;18.964848
53.781434;18.957939
53.778341;18.957424
53.770529;18.947382
53.765507;18.944034
53.7616;18.944893
53.755917;18.940773
53.75404;18.94043
53.752213;18.938112
53.749117;18.937168
53.745209;18.934078
53.741097;18.927984
53.738407;18.926182
53.736325;18.926611
53.736274;18.927641
53.733431;18.927641
53.731095;18.926783
53.729001;18.927169
53.729369;18.928499
53.73074;18.928242
53.73536;18.932791
53.734954;18.936224
53.73729;18.938026
53.738914;18.938112
53.745006;18.934336
53.749574;18.937511
53.752568;18.938198
53.755359;18.940859
53.757135;18.931503
53.753786;18.905582
53.761905;18.862839
53.757947;18.836231
53.759556;18.822956
53.759774;18.805847
53.763579;18.799195
53.764822;18.794732
53.763833;18.793874
53.763909;18.784347
53.763681;18.781428
53.764898;18.773918
53.764797;18.772373
53.766047;18.769442
53.766547;18.768973
53.766522;18.767695
53.762108;18.76615
53.753684;18.760228
53.751185;18.757778
53.751185;18.757778
53.748018;18.752308
53.748018;18.752308
53.748018;18.752308
53.748018;18.752308
53.748018;18.752308
53.748018;18.752308
53.744447;18.749199
53.742315;18.745251
53.736325;18.73847
53.733228;18.734007
53.732923;18.728599
53.736173;18.712978
53.738457;18.710318
53.739473;18.698988
53.741402;18.69504
53.739726;18.678303
53.739777;18.673067
53.741452;18.668175
53.73734;18.649034
53.733279;18.646803
53.718044;18.611526
53.705954;18.577022
53.700264;18.567409
53.694267;18.552131
53.693962;18.54063
53.689137;18.515394
53.689137;18.515394
53.689137;18.515394
53.689137;18.515394
53.681459;18.501148
53.676462;18.480926
53.676462;18.480926
53.676462;18.480926
53.676462;18.480926
53.676462;18.480926
53.675137;18.475324
53.675133;18.475338
53.67516;18.475363
53.67516;18.475363
53.67516;18.475363
53.67516;18.475363
53.67516;18.475363
53.650438;18.492565
53.637005;18.480549
53.634661;18.485364
53.623455;18.486013
53.623455;18.486013
53.623455;18.486013
53.623455;18.486013
53.61247;18.49205
53.61224;18.479862
53.61224;18.479862
53.61224;18.479862
53.61224;18.479862
53.605137;18.428364
53.6086;18.412056
53.604888;18.388504
53.600349;18.355408
53.598892;18.354343
53.598513;18.348148
53.598667;18.345993
53.598675;18.346033
53.598608;18.346002
53.59864;18.346049
53.598668;18.346091
53.598668;18.346091
53.598598;18.346091
53.598677;18.346119
53.598626;18.345976
53.599356;18.343528
53.601823;18.337889
53.601823;18.337889
53.601823;18.337889
53.601823;18.337889
53.601823;18.337889
53.601823;18.337889
53.601823;18.337889
53.601823;18.337889
53.605952;18.327598
53.605646;18.320045
53.614506;18.284168
53.614303;18.281593
53.617052;18.270778
53.613895;18.267946
53.610834;18.263364
53.612877;18.251552
53.622041;18.23473
53.622672;18.228616
53.622672;18.228616
53.62267;18.2286
53.622704;18.228738
53.622704;18.228738
53.622704;18.228738
53.622707;18.228646
53.62271;18.228648
53.62271;18.228648
53.62271;18.228648
53.621634;18.222027
53.624739;18.201342
53.625808;18.188038
53.629959;18.175424
53.630152;18.16862
53.631051;18.156023
53.632629;18.147097
53.633952;18.10564
53.628569;18.035031
53.628569;18.035031
53.626492;17.999222
53.626492;17.999222
53.626492;17.999222
53.626492;17.999222
53.626492;17.999222
53.626492;17.999222
53.626492;17.999222
53.614863;17.958527
53.601775;17.92222
53.601113;17.912693
53.599378;17.904483
53.599378;17.904483
53.596325;17.887287
53.594441;17.883425
53.592709;17.866344
53.59062;17.865057
53.587359;17.87055
53.585245;17.876065
53.583341;17.873712
53.581296;17.871258
53.581716;17.869971
53.574175;17.865237
53.573981;17.865716
53.574493;17.866774
53.573308;17.868426
53.570772;17.870507
53.573346;17.868426
53.574506;17.866838
53.574072;17.865894
53.574174;17.865272
53.581755;17.870078
53.578901;17.876472
53.584506;17.864842
53.587488;17.860002
53.588821;17.857434
53.58899;17.856914
53.589987;17.858028
53.592135;17.857336
53.593247;17.855518
53.593941;17.854211
53.593943;17.85421
53.593943;17.85421
53.596173;17.847118
53.595307;17.819309
53.589601;17.804289
53.587257;17.802143
53.586697;17.797851
53.585423;17.797079
53.580022;17.784548
53.578094;17.778845
53.578094;17.778845
53.578094;17.778845
53.578094;17.778845
53.578094;17.778845
53.578094;17.778845
53.578094;17.778845
53.578094;17.778845
53.578094;17.778845
53.578094;17.778845
53.573703;17.761803
53.574518;17.744207
53.572785;17.737598
53.571868;17.730904
53.569931;17.727728
53.564579;17.723265
53.561469;17.716741
53.557544;17.713995
53.554332;17.705498
53.550405;17.701721
53.546734;17.671337
53.540409;17.664986
53.537706;17.661295
53.536737;17.650909
53.53995;17.64739
53.53944;17.645159
53.542297;17.641039
53.539723;17.627988
53.539173;17.626032
53.539173;17.626032
53.535967;17.615085
53.535967;17.615085
53.535967;17.615085
53.533104;17.604087
53.532307;17.600167
53.532307;17.600167
53.532307;17.600167
53.532307;17.600167
53.532307;17.600167
53.532307;17.600167
53.532307;17.600167
53.526177;17.578382
53.525054;17.576923
53.524646;17.572632
53.523013;17.569113
53.526381;17.562933
53.526381;17.552032
53.524697;17.54199
53.528168;17.534782
53.52815;17.534714
53.529646;17.530918
53.530411;17.528086
53.530826;17.524931
53.532382;17.524041
53.532675;17.522088
53.532235;17.521734
53.532273;17.519009
53.532937;17.515093
53.532528;17.514181
53.53059;17.513473
53.530462;17.512663
53.52985;17.513301
53.530615;17.512808
53.530309;17.483454
53.526534;17.462683
53.528818;17.432287
53.529362;17.427573
53.529153;17.425589
53.529153;17.425589
53.529153;17.425589
53.529153;17.425589
53.529153;17.425589
53.529153;17.425589
53.529153;17.425589
53.528473;17.42466
53.535309;17.391786
53.538471;17.389469
53.539949;17.381952
53.539957;17.381973
53.540194;17.379486
53.540006;17.375013
53.540716;17.349644
53.539593;17.337112
53.542552;17.322178
53.543266;17.311535
53.539695;17.291794
53.537451;17.269649
53.537247;17.258148
53.538624;17.252226
53.537706;17.246303
53.537381;17.245617
53.537068;17.245971
53.536297;17.245553
53.536048;17.244544
53.535506;17.244683
53.535344;17.244206
53.535449;17.244104
53.535315;17.244158
53.53513;17.243342
53.535391;17.242978
53.535749;17.242956
53.536061;17.241411
53.536648;17.241701
53.538497;17.235017
53.535207;17.23433
53.535156;17.231755
53.534543;17.231283
53.53161;17.230425
53.524697;17.231369
53.523881;17.189655
53.520819;17.178154
53.518471;17.166309
53.516151;17.159284
53.516151;17.159284
53.516151;17.159284
53.516151;17.159284
53.516151;17.159284
53.511071;17.144852
53.504997;17.134294
53.504946;17.129488
53.501938;17.123084
53.501242;17.122331
53.501233;17.121369
53.501314;17.121054
53.501033;17.112668
53.501033;17.112668
53.501033;17.112668
53.499927;17.094361
53.499927;17.094361
53.499927;17.094361
53.499927;17.094361
53.499927;17.094361
53.499927;17.094361
53.49933;17.087774
53.499534;17.079964
53.498922;17.075415
53.499534;17.069321
53.496548;17.05576
53.49642;17.053957
53.494276;17.053871
53.48891;17.049978
53.48891;17.049978
53.48891;17.049978
53.48891;17.049978
53.48891;17.049978
53.48891;17.049978
53.48891;17.049978
53.48891;17.049978
53.48891;17.049978
53.48891;17.049978
53.480385;17.039623
53.477831;17.037563
53.475583;17.031898
53.473642;17.029667
53.46935;17.020569
53.460153;17.016449
53.448602;16.99173
53.445856;16.978099
53.445755;16.973471
53.445755;16.973471
53.445755;16.973471
53.445755;16.973471
53.445755;16.973471
53.445755;16.973471
53.445755;16.973471
53.445755;16.973471
53.444002;16.968212
53.441139;16.962891
53.434543;16.941776
53.433546;16.939931
53.43168;16.939716
53.430861;16.938343
53.430478;16.934352
53.427179;16.924138
53.419226;16.908002
53.418203;16.905556
53.417871;16.90165
53.41416;16.888274
53.413958;16.887567
53.413958;16.887567
53.409327;16.871738
53.404108;16.867275
53.405695;16.861696
53.407281;16.859293
53.416003;16.828823
53.41874;16.822
53.418715;16.820455
53.419507;16.818352
53.41938;16.817193
53.420377;16.814876
53.418256;16.809523
53.417282;16.80685
53.404108;16.790285
53.396125;16.782131
53.388857;16.772518
53.383738;16.749344
53.384557;16.740074
53.379847;16.685485
53.3484;16.573391
53.34512;16.570988
53.346555;16.568928
53.349219;16.570644
53.352191;16.564979
53.35424;16.543522
53.367046;16.509189
53.37145;16.504726
53.378106;16.501808
53.388243;16.47623
53.386605;16.473827
53.38169;16.474685
53.375751;16.466961
53.374941;16.461031
53.37063;16.437778
53.370323;16.424904
53.384045;16.411686
53.40114;16.399498
53.398275;16.379585
53.40155;16.365509
53.405848;16.357269
53.416285;16.344395
53.425594;16.315899
53.428151;16.317615
53.434083;16.286716
53.443038;16.272399
53.443038;16.272395
53.443039;16.272402
53.443038;16.272399
53.443036;16.272391
53.443039;16.272402
53.443039;16.272402
53.443039;16.272402
53.443039;16.272402
53.443039;16.272402
53.443039;16.272402
53.443039;16.2724
53.443039;16.2724
53.443039;16.2724
53.443039;16.2724
53.443039;16.2724
53.443021;16.272402
53.443465;16.270197
53.443433;16.270168
53.439503;16.272297
53.430708;16.265774
53.428867;16.249294
53.425185;16.240883
53.420275;16.234188
53.42406;16.23024
53.42539;16.223888
53.425594;16.216507
53.439401;16.17239
53.443593;16.163635
53.450694;16.127747
53.450694;16.127747
53.450694;16.127747
53.450694;16.127747
53.45494;16.11351
53.457752;16.107093
53.459642;16.10188
53.461354;16.101923
53.461252;16.101365
53.459616;16.100721
53.456985;16.09746
53.452743;16.097159
53.457061;16.097588
53.459438;16.100593
53.462095;16.101923
53.462427;16.100121
53.462529;16.097546
53.46814;16.07862
53.475277;16.066217
53.476196;16.059008
53.482377;16.045704
53.485952;16.04373
53.49019;16.038408
53.492437;16.037378
53.494275;16.034374
53.499585;16.028881
53.503363;16.027508
53.502751;16.022057
53.502138;16.021156
53.50201;16.019697
53.503185;16.019268
53.504282;16.012444
53.504282;16.010385
53.506299;16.005235
53.505584;16.003904
53.504971;15.999269
53.502138;15.99751
53.501449;15.996094
53.498641;15.995364
53.494097;15.992145
53.493918;15.991201
53.49596;15.991158
53.496037;15.985537
53.495909;15.990558
53.494071;15.99133
53.496471;15.993776
53.501372;15.995879
53.505073;15.999227
53.505967;16.005406
53.508315;16.004462
53.509719;16.002102
53.513317;16.005835
53.517017;16.004634
53.527529;16.009269
53.529467;16.008625
53.529952;16.007338
53.529065;16.002729
53.529065;16.002729
53.530437;15.996652
53.53036;15.979228
53.527784;15.957813
53.523727;15.932922
53.523013;15.916529
53.524085;15.890694
53.523676;15.880823
53.524901;15.868034
53.527605;15.855331
53.526177;15.837393
53.526273;15.830281
53.526288;15.830249
53.526256;15.830251
53.526256;15.830251
53.525768;15.8216
53.52633;15.816364
53.527745;15.814605
53.529187;15.814047
53.529008;15.811772
53.530845;15.810356
53.530092;15.804219
53.518318;15.77774
53.493867;15.731907
53.493152;15.725384
53.491314;15.72195
53.49111;15.710449
53.495501;15.696544
53.499177;15.66719
53.505099;15.658607
53.506733;15.649681
53.518676;15.63509
53.524085;15.612774
53.526228;15.585136
53.530615;15.573635
53.534033;15.564451
53.537515;15.559623
53.53763;15.558379
53.538535;15.557692
53.540652;15.559452
53.54097;15.558765
53.540511;15.55928
53.538407;15.557671
53.537387;15.557585
53.535615;15.558207
53.534926;15.556877
53.53249;15.554259
53.531508;15.552049
53.526993;15.521879
53.519543;15.502653
53.512704;15.491667
53.509438;15.479307
53.508213;15.462742
53.508468;15.450897
53.504997;15.446949
53.504384;15.444717
53.500811;15.442829
53.499483;15.439567
53.496369;15.437937
53.490905;15.426693
53.48064;15.374594
53.472314;15.362749
53.46838;15.338716
53.466489;15.332622
53.463013;15.333114
53.460511;15.333824
53.45632;15.330305
53.449062;15.312538
53.422218;15.282841
53.421196;15.275974
53.418945;15.272026
53.418843;15.266189
53.415876;15.242328
53.41395;15.2391
53.41395;15.2391
53.41395;15.2391
53.41395;15.2391
53.41395;15.2391
53.41395;15.2391
53.41395;15.2391
53.41395;15.2391
53.41395;15.2391
53.41395;15.2391
53.41395;15.2391
53.41395;15.2391
53.41395;15.2391
53.41395;15.2391
53.412499;15.23323
53.406564;15.226536
53.383751;15.175411
53.383751;15.175411
53.383751;15.175411
53.383751;15.175411
53.380989;15.167355
53.38007;15.163931
53.378926;15.155296
53.371962;15.134353
53.363026;15.113559
53.360387;15.107059
53.359055;15.097961
53.346127;15.069231
53.346687;15.059993
53.346769;15.059887
53.346808;15.059882
53.346757;15.059822
53.346753;15.059805
53.346753;15.059805
53.342404;15.05084
53.341456;15.050025
53.340713;15.048394
53.340162;15.045454
53.339241;15.044012
53.338997;15.041099
53.338875;15.039371
53.338769;15.038792
53.3385;15.038982
53.338218;15.038776
53.338266;15.03818
53.339509;15.037129
53.3386;15.032816
53.338612;15.030241
53.345428;14.971103
53.352908;14.917373
53.34471;14.872398
53.348297;14.839954
53.347887;14.813604
53.346196;14.793262
53.34471;14.784593
53.344787;14.783134
53.342456;14.779272
53.344095;14.769573
53.346709;14.764852
53.352242;14.755325
53.354752;14.753394
53.356107;14.750883
53.355861;14.74457
53.356622;14.738975
53.356313;14.737051
53.356699;14.736099
53.357006;14.732194
53.358466;14.727645
53.362333;14.719019
53.360771;14.709835
53.360618;14.706573
53.359798;14.702582
53.359952;14.696403
53.360387;14.692841
53.366313;14.683581
53.369725;14.67746
53.371347;14.670482
53.370529;14.665807
53.370477;14.660397
53.37104;14.659967
53.372972;14.660641
53.374484;14.661448
53.375905;14.661534
53.381921;14.659495
53.389011;14.661169
53.392159;14.662156
53.392358;14.662724
53.394436;14.662843
53.39473;14.663486
53.396867;14.662392
53.397392;14.662349
53.397979;14.661268
53.395127;14.655097
53.394794;14.651535
53.39473;14.644046
53.395065;14.636737
53.395306;14.631772
53.397967;14.615722
53.398339;14.610636
53.396586;14.606581
53.396547;14.604735
53.397456;14.601989
53.39853;14.600723
53.402509;14.598985
53.404108;14.597225
53.405262;14.594553
53.411757;14.580102
53.416029;14.568601
53.414622;14.570618
53.415824;14.566455
53.417461;14.565124
53.419687;14.565897
53.421442;14.567127
53.42319;14.567699
53.424505;14.567265
53.426463;14.564352
53.427675;14.56005
53.42834;14.557352
53.428259;14.557083
53.429072;14.552057
53.434562;14.546112
53.437534;14.542809
53.436855;14.540581
53.441702;14.535563
53.441765;14.533904
53.444769;14.528561
53.44551;14.525561
53.444994;14.524517
53.446878;14.521384
53.447606;14.522059
53.448781;14.520385
53.450372;14.518737
53.45252;14.516172
53.453381;14.515343
53.453893;14.513669
53.457496;14.508248
53.459211;14.505344
53.458358;14.503003
53.457615;14.499411
53.456868;14.495792
53.456486;14.49043
53.455892;14.490859
53.455292;14.491053
53.455146;14.490128
53.454052;14.489604
53.454186;14.488918
53.453765;14.488875
53.453746;14.488596
53.453682;14.488864
53.454193;14.488864
53.454691;14.48675
53.454838;14.486021
53.455432;14.486235
53.456275;14.48733
53.456793;14.493295
53.456544;14.493263
53.456806;14.493445
53.457074;14.497318
53.45864;14.502872
53.45816;14.503112
53.459386;14.505773
53.459898;14.505107
53.46037;14.503412
53.464815;14.498876
53.465863;14.499314
53.466382;14.500355
53.466553;14.500859
53.467128;14.500644
53.467935;14.500129
53.469274;14.498906
53.469543;14.497978
53.470104;14.495923
53.471089;14.494522
53.471137;14.49448
53.470423;14.494185
53.470551;14.49337
53.470273;14.49293
53.47239;14.489937
53.471767;14.486747
53.471081;14.482995
53.471081;14.482995
53.471081;14.482995
53.471081;14.482995
53.471081;14.482995
53.471081;14.482995
53.47216;14.476633
53.476349;14.461527
53.476886;14.45642
53.475762;14.452386
53.475481;14.447708
53.475838;14.44376
53.475455;14.437838
53.476193;14.43443
53.476193;14.43443
53.479383;14.424089
53.479383;14.424089
53.479383;14.424089
53.479383;14.424089
53.480487;14.419041
53.48137;14.412181
53.48137;14.412181
53.481376;14.412181
53.48137;14.412181
53.48137;14.412181
53.484817;14.401615
53.487739;14.387455
53.486573;14.382035
53.487361;14.380059
53.49226;14.374514
53.49226;14.374514
53.496796;14.363221
53.496796;14.363221
53.492833;14.352037
53.492833;14.352037
53.492833;14.352037
53.492833;14.352037
53.492833;14.352037
53.49622;14.350468
53.498769;14.34308
53.501321;14.332695
53.503619;14.327202
53.505507;14.326429
53.509897;14.313555
53.511684;14.30686
53.507804;14.302139
53.500811;14.285574
53.497543;14.281883
53.494071;14.280338
53.490599;14.275703
53.491722;14.258966
53.493714;14.246607
53.489792;14.24392
53.488126;14.242599
53.488029;14.239786
53.486261;14.234658
53.485594;14.229922
53.477371;14.209013
53.465518;14.202747
53.457368;14.210031
53.453663;14.210644
53.453541;14.211513
53.453024;14.211169
53.453528;14.211352
53.453675;14.210054
53.453081;14.210054
53.453637;14.210054
53.453739;14.207983
53.454813;14.205837
53.455119;14.201288
53.45448;14.20043
53.453459;14.200776
53.453459;14.200776
53.453459;14.200776
53.453459;14.200776
53.453459;14.200776
53.450954;14.200516
53.448091;14.195967
53.443593;14.193993
53.441497;14.189444
53.438787;14.171934
53.424878;14.157944
53.424264;14.144812
53.421349;14.143438
53.415773;14.143438
53.406616;14.136314
53.401959;14.131422
53.399503;14.125671
53.39807;14.127645
53.394033;14.126475
53.394432;14.122979
53.394432;14.122979
53.394432;14.122979
53.394432;14.122979
53.394432;14.122979
53.394432;14.122979
53.394432;14.122979
53.391775;14.114513
53.39029;14.107475
53.386502;14.099321
53.385427;14.093742
53.383226;14.093399
53.382151;14.080692
53.382151;14.080692
53.382151;14.080692
53.382151;14.080692
53.382151;14.080692
53.385069;14.073658
53.386605;14.065504
53.386809;14.054432
53.387833;14.053059
53.387065;14.049797
53.381639;14.043016
53.370272;14.006452
53.36935;14.003706
53.367493;14.002397
53.366277;14.001732
53.36556;13.997612
53.365868;13.990917
53.362129;13.985939
53.352191;13.965425
53.347324;13.95298
53.346483;13.948241
53.346483;13.948241
53.346483;13.948241
53.338791;13.937576
53.337895;13.924227
53.337433;13.906889
53.331129;13.895731
53.32418;13.878581
53.322011;13.875953
53.320261;13.869724
53.317698;13.866377
53.316877;13.862386
53.313955;13.861785
53.313416;13.858352
53.313647;13.858266
53.313288;13.857751
53.312288;13.853159
53.310446;13.848323
53.309519;13.846464
53.30915;13.84417
53.307337;13.830453
53.309467;13.825031
53.314057;13.815737
53.314929;13.809385
53.320774;13.794022
53.322569;13.786783
53.322655;13.786868
53.318672;13.783979
53.31739;13.776426
53.317903;13.764582
53.316313;13.761063
53.311032;13.756428
53.299611;13.730813
53.299116;13.727709
53.296158;13.723555
53.299184;13.715658
53.293131;13.68845
53.290258;13.67403
53.285428;13.663935
53.284296;13.662702
53.280851;13.659712
53.27976;13.65563
53.27976;13.65563
53.27976;13.65563
53.27976;13.65563
53.27976;13.65563
53.27976;13.65563
53.27976;13.65563
53.27976;13.65563
53.277327;13.641414
53.269217;13.618755
53.264705;13.610559
53.264666;13.610555
53.264637;13.610569
53.264637;13.610569
53.264641;13.610572
53.264641;13.610572
53.264641;13.610572
53.264674;13.610522
53.264732;13.610615
53.264665;13.6106
53.264665;13.6106
53.264665;13.6106
53.264665;13.6106
53.264665;13.6106
53.264653;13.61059
53.264653;13.61059
53.264653;13.61059
53.264653;13.61059
53.264653;13.61059
53.264653;13.61059
53.264653;13.61059
53.264653;13.61059
53.264652;13.610577
53.264652;13.610577
53.264652;13.610577
53.264652;13.610577
53.264652;13.610577
53.264652;13.610577
53.264652;13.610577
53.264652;13.610577
53.264665;13.610568
53.264665;13.610568
53.263981;13.602877
53.265983;13.58777
53.26819;13.582191
53.263673;13.571033
53.260079;13.559618
53.259206;13.552751
53.259566;13.545027
53.254842;13.539276
53.254226;13.53138
53.248063;13.505132
53.247346;13.500552
53.246615;13.494869
53.246741;13.490944
53.246852;13.486497
53.246971;13.479127
53.246728;13.461513
53.243646;13.451729
53.243134;13.44529
53.241944;13.434445
53.243161;13.430699
53.243523;13.429743
53.243838;13.425712
53.2439;13.421896
53.244773;13.421603
53.245312;13.42151
53.245863;13.421443
53.246645;13.421259
53.248036;13.42081
53.249108;13.42054
53.249152;13.420523
53.249152;13.420523
53.251209;13.419916
53.251948;13.419655
53.252357;13.418413
53.252826;13.416229
53.253;13.412058
53.252894;13.409102
53.252782;13.407502
53.253146;13.40585
53.25374;13.403908
53.25398;13.402661
53.254151;13.399249
53.2553;13.395667
53.257125;13.39354
53.259031;13.392772
53.26179;13.390778
53.262712;13.389564
53.263555;13.388274
53.264185;13.387231
53.264848;13.386367
53.267911;13.383508
53.269806;13.381645
53.271964;13.380159
53.274278;13.378175
53.274763;13.377808
53.274805;13.37775
53.278723;13.372761
53.282092;13.36421
53.283349;13.361099
53.284861;13.358114
53.286995;13.354568
53.289343;13.349678
53.290041;13.345995
53.290336;13.341159
53.290042;13.335808
53.289954;13.330357
53.289899;13.328476
53.288663;13.325788
53.287254;13.32107
53.285999;13.31543
53.285537;13.310709
53.285383;13.3041
53.284768;13.302727
53.285229;13.300581
53.285383;13.296804
53.283536;13.292169
53.286307;13.281784
53.285895;13.243848
53.285895;13.243848
53.285895;13.243848
53.285895;13.243848
53.285895;13.243848
53.284822;13.203592
53.285436;13.20285
53.28538;13.202685
53.285377;13.202693
53.283979;13.200977
53.282305;13.201425
53.281532;13.201189
53.280448;13.198858
53.279665;13.198233
53.279148;13.199161
53.279582;13.198272
53.279582;13.198272
53.28055;13.198931
53.281442;13.201146
53.282343;13.201511
53.283908;13.200996
53.286358;13.201618
53.288667;13.195867
53.290412;13.185911
53.291027;13.178701
53.296619;13.158359
53.297727;13.15102
53.297727;13.15102
53.304125;13.14901
53.303749;13.146944
53.304431;13.144732
53.304523;13.144031
53.304533;13.144035
53.304533;13.144035
53.304533;13.144035
53.304533;13.144035
53.304533;13.144035
53.304533;13.144035
53.303852;13.116388
53.304185;13.106818
53.304502;13.10465
53.304502;13.10465
53.304502;13.10465
53.304502;13.10465
53.304502;13.10465
53.302877;13.09772
53.300749;13.091412
53.300543;13.088407
53.300749;13.08536
53.300569;13.077121
53.30003;13.071327
53.301441;13.065233
53.303082;13.049912
53.294106;13.032102
53.291027;13.02309
53.288513;13.018713
53.280662;12.99408
53.280868;12.989015
53.280226;12.985325
53.280226;12.979402
53.278943;12.97554
53.278727;12.971411
53.279379;12.967687
53.281124;12.962336
53.278815;12.938118
53.275479;12.915888
53.271578;12.901554
53.26932;12.896147
53.270757;12.883873
53.272687;12.827955
53.273497;12.820466
53.273387;12.820374
53.273497;12.820278
53.274404;12.815497
53.275326;12.812474
53.273296;12.809816
53.271784;12.808642
53.27186;12.803879
53.272245;12.802162
53.268344;12.795124
53.268601;12.792678
53.289513;12.746251
53.280098;12.734356
53.264958;12.730931
53.264032;12.728906
53.262056;12.728476
53.262543;12.725429
53.257974;12.723284
53.257717;12.721739
53.254842;12.719164
53.253353;12.715559
53.253122;12.713757
53.250712;12.707628
53.248078;12.71371
53.247448;12.720918
53.248104;12.723321
53.248055;12.723332
53.248055;12.723332
53.248055;12.723332
53.248055;12.723332
53.248055;12.723332
53.242054;12.720795
53.239794;12.722082
53.238869;12.721224
53.238047;12.721739
53.232448;12.719765
53.232602;12.71028
53.23404;12.705045
53.236892;12.701912
53.238407;12.696505
53.240128;12.694917
53.247806;12.678334
53.246754;12.672429
53.247344;12.666335
53.249511;12.664999
53.249167;12.66273
53.248495;12.660582
53.249758;12.656679
53.248346;12.65389
53.247755;12.650413
53.243955;12.644234
53.240051;12.631187
53.233886;12.618999
53.232345;12.605781
53.228183;12.593937
53.223405;12.591533
53.219088;12.583809
53.203873;12.577972
53.192369;12.562143
53.192369;12.562143
53.192369;12.562143
53.192369;12.562143
53.192369;12.562143
53.192369;12.562143
53.192369;12.562143
53.192369;12.562143
53.191122;12.551708
53.177852;12.526131
53.175177;12.514458
53.171679;12.508964
53.167768;12.495575
53.163909;12.492657
53.163562;12.490425
53.1636;12.48903
53.163189;12.486134
53.162983;12.486112
53.16315;12.48594
53.162417;12.482743
53.161877;12.481434
53.159818;12.462916
53.156705;12.445621
53.14991;12.417984
53.149036;12.408027
53.148366;12.404423
53.149035;12.397556
53.146204;12.379017
53.145175;12.36434
53.143064;12.354984
53.138636;12.349577
53.139228;12.347002
53.138765;12.345071
53.138173;12.344298
53.13397;12.343626
53.12911;12.345028
53.123341;12.340479
53.121229;12.335329
53.11819;12.330866
53.115151;12.330351
53.112692;12.325727
53.112692;12.325727
53.112692;12.325727
53.112692;12.325727
53.112692;12.325727
53.108453;12.323956
53.10616;12.320394
53.101188;12.315631
53.09941;12.31606
53.097828;12.314524
53.095306;12.312105
53.095253;12.312138
53.095253;12.312138
53.095253;12.312138
53.095253;12.312138
53.095253;12.312138
53.095776;12.310181
53.095828;12.296448
53.096215;12.286019
53.095184;12.283101
53.09521;12.279539
53.096936;12.279582
53.09856;12.272758
53.101007;12.268939
53.103202;12.263198
53.096653;12.252073
53.095313;12.250099
53.089952;12.248554
53.088973;12.246237
53.0873;12.245165
53.0873;12.245165
53.087375;12.241688
53.088457;12.236624
53.088328;12.233276
53.085971;12.226971
53.082782;12.209096
53.082782;12.209096
53.082782;12.209096
53.082782;12.209096
53.082782;12.209096
53.079538;12.198257
53.077373;12.192678
53.077115;12.187014
53.076084;12.186499
53.074898;12.188558
53.072548;12.1897
53.072548;12.1897
53.072548;12.1897
53.072548;12.1897
53.072548;12.1897
53.072548;12.1897
53.072548;12.1897
53.067111;12.192335
53.057517;12.189331
53.05339;12.191219
53.04916;12.190704
53.047508;12.186928
53.039149;12.18564
53.034143;12.174997
53.031923;12.165298
53.034865;12.15929
53.038942;12.137833
53.039252;12.130022
53.03342;12.128906
53.03318;12.12482
53.03318;12.12482
53.03318;12.12482
53.03318;12.12482
53.03318;12.12482
53.03318;12.12482
53.03318;12.12482
53.03318;12.12482
53.03318;12.12482
53.028723;12.118177
53.02449;12.106419
53.022218;12.098951
53.016461;12.103414
53.013551;12.112062
53.013551;12.112062
53.013551;12.112062
53.013551;12.112062
53.009774;12.116461
53.00714;12.113628
52.999548;12.131481
52.997295;12.133258
52.99588;12.133241
52.990585;12.129464
52.994838;12.094051
52.994838;12.094051
52.994839;12.094055
52.994838;12.094056
52.994838;12.094056
52.994838;12.094056
52.994837;12.094051
52.994837;12.094051
52.994837;12.094051
52.994837;12.094051
52.994837;12.094051
52.994837;12.094051
52.994837;12.094051
52.994837;12.094051
52.994836;12.094049
52.995964;12.088759
52.996442;12.087568
52.996035;12.088394
53.00807;12.036037
53.013066;12.031016
53.012847;12.044663
53.013079;12.031574
53.013931;12.029986
53.011143;12.022133
53.016229;12.010202
53.016591;12.007198
53.070927;11.877079
53.074278;11.866173
53.072732;11.864548
53.07116;11.860369
53.069715;11.85884
53.071134;11.85369
53.061076;11.840258
53.031104;11.800204
53.026039;11.793008
53.018578;11.763525
53.015532;11.760778
53.007941;11.762538
53.008324;11.758457
53.009278;11.749112
53.007063;11.749449
53.006882;11.743569
53.000387;11.7469
52.998905;11.741386
52.997998;11.740479
52.996242;11.740245
52.997146;11.736317
52.998655;11.733726
53.000689;11.730367
53.000689;11.730367
53.000689;11.730367
53.000689;11.730367
53.000689;11.730367
53.005075;11.718979
53.01153;11.707821
53.016436;11.704903
53.021031;11.696319
53.02227;11.683874
53.025806;11.67439
53.028516;11.660099
53.029933;11.658306
53.030684;11.658597
53.031381;11.657739
53.033265;11.660185
53.034426;11.659756
53.039046;11.652374
53.046477;11.644821
53.049469;11.639671
53.066183;11.630916
53.072056;11.622918
53.072056;11.622918
53.074;11.602276
53.076164;11.599486
53.076164;11.599486
53.076164;11.599486
53.079409;11.597152
53.079409;11.597152
53.079409;11.597152
53.079409;11.597152
53.079409;11.597152
53.079409;11.597152
53.079409;11.597152
53.083096;11.595898
53.088045;11.589889
53.089798;11.578731
53.098972;11.569118
53.099703;11.56346
53.099703;11.56346
53.099703;11.56346
53.099703;11.56346
53.099703;11.56346
53.099703;11.56346
53.099703;11.56346
53.099703;11.56346
53.101239;11.536503
53.100724;11.511612
53.095055;11.494274
53.092993;11.478138
53.09039;11.474748
53.089258;11.46985
53.089258;11.46985
53.089258;11.46985
53.089258;11.46985
53.084797;11.464577
53.079977;11.455625
53.079977;11.455625
53.079977;11.455625
53.079977;11.455625
53.079977;11.455625
53.079977;11.455625
53.081755;11.445565
53.079178;11.43445
53.079899;11.411619
53.079319;11.409302
53.079538;11.409071
53.079165;11.409023
53.077064;11.402435
53.07678;11.388016
53.073428;11.3872
53.070463;11.384454
53.070085;11.383149
53.070085;11.383149
53.069483;11.382995
53.068555;11.383724
53.065357;11.379089
53.063165;11.371622
53.060328;11.363597
53.060174;11.36085
53.059183;11.360433
53.059183;11.360433
53.059183;11.360433
53.059183;11.360433
53.059183;11.360433
53.059183;11.360433
53.056537;11.352997
53.056537;11.346302
53.067936;11.332655
53.070155;11.327035
53.078941;11.315978
53.078941;11.315978
53.078941;11.315978
53.082271;11.306391
53.083144;11.301543
53.084385;11.296863
53.087069;11.296375
53.089258;11.29354
53.089258;11.29354
53.090055;11.286392
53.094445;11.283786
53.098158;11.282018
53.100251;11.279295
53.100251;11.279295
53.100251;11.279295
53.100251;11.279295
53.104036;11.277739
53.104036;11.277739
53.104036;11.277739
53.104036;11.277739
53.104036;11.277739
53.104036;11.277739
53.112111;11.277981
53.119272;11.272917
53.123547;11.276178
53.126535;11.273003
53.12741;11.276135
53.128749;11.274633
53.132199;11.276221
53.135677;11.268299
53.136959;11.265815
53.138032;11.263147
53.139099;11.260729
53.139502;11.261763
53.139357;11.260643
53.140699;11.254068
53.141402;11.250351
53.140873;11.247712
53.140959;11.247326
53.140959;11.247326
53.140959;11.247326
53.140974;11.247314
53.140997;11.247286
53.141003;11.247279
53.141003;11.247279
53.140978;11.24729
53.140979;11.247296
53.140979;11.247296
53.140979;11.247296
53.14093;11.247548
53.140962;11.247311
53.140973;11.247357
53.140973;11.247357
53.140973;11.247357
53.140361;11.244078
53.142266;11.236095
53.144634;11.229401
53.121642;11.214637
53.100982;11.168718
53.100827;11.161508
53.103919;11.145887
53.103371;11.12605
53.103349;11.126092
53.103195;11.117612
53.103023;11.112981
53.102966;11.108808
53.102685;11.108123
53.102784;11.105615
53.101134;11.100762
53.100168;11.097456
53.098869;11.096191
53.096382;11.090667
53.094179;11.092801
53.092839;11.089025
53.090654;11.085797
53.087134;11.083083
53.084591;11.061773
53.083096;11.000662
53.083611;10.994997
53.079595;10.969372
53.074743;10.956888
53.074846;10.950193
53.073351;10.933542
53.068761;10.922985
53.069896;10.911398
53.06261;10.874752
53.06261;10.874752
53.06261;10.874752
53.063881;10.864631
53.063881;10.864631
53.063881;10.864631
53.063803;10.856153
53.063803;10.856153
53.063803;10.856153
53.063803;10.856153
53.059942;10.844364
53.054731;10.821619
53.057156;10.812607
53.058343;10.802908
53.065822;10.791063
53.068503;10.783853
53.070669;10.778704
53.070721;10.771694
53.070721;10.771694
53.070721;10.771694
53.070721;10.771694
53.070721;10.771694
53.070721;10.771694
53.078404;10.759993
53.081034;10.748749
53.085313;10.743599
53.085983;10.740681
53.091419;10.731526
53.092858;10.730816
53.093115;10.727522
53.093115;10.727522
53.093115;10.727522
53.093115;10.727522
53.093869;10.724974
53.091653;10.718536
53.091653;10.688753
53.093303;10.673733
53.096498;10.656052
53.094746;10.647297
53.093406;10.633735
53.084952;10.595627
53.07951;10.58974
53.079281;10.587773
53.079358;10.585198
53.079706;10.58213
53.078706;10.581554
53.078958;10.580156
53.078713;10.57889
53.080234;10.575414
53.080299;10.573418
53.080118;10.572109
53.081159;10.568423
53.081291;10.559492
53.079951;10.558119
53.08026;10.555372
53.079281;10.54533
53.079384;10.530996
53.080106;10.517864
53.08124;10.51486
53.082735;10.514774
53.085056;10.513878
53.085056;10.513878
53.085056;10.513878
53.09155;10.506277
53.091795;10.505247
53.091943;10.504099
53.091613;10.503781
53.091576;10.503445
53.091105;10.50323
53.091537;10.503305
53.09166;10.503766
53.091885;10.504045
53.091473;10.506749
53.084952;10.514045
53.082735;10.514817
53.081348;10.514695
53.080028;10.512629
53.07965;10.509818
53.07965;10.509818
53.07965;10.509818
53.07965;10.509818
53.080621;10.502844
53.080931;10.497522
53.081137;10.488939
53.079796;10.481601
53.080492;10.473103
53.079796;10.4707
53.08124;10.465164
53.068658;10.459328
53.061438;10.458298
53.060187;10.454088
53.060187;10.454088
53.060187;10.454088
53.060187;10.454088
53.0586;10.454349
53.05793;10.451345
53.055918;10.45126
53.035469;10.421627
53.031201;10.417013
53.020463;10.422077
53.017933;10.419931
53.008535;10.417957
52.997947;10.411434
52.991231;10.393238
52.979863;10.393925
52.973351;10.395298
52.968448;10.392287
52.967562;10.384312
52.968285;10.370072
52.968095;10.365726
52.967051;10.354268
52.966827;10.315179
52.965701;10.302257
52.966425;10.285263
52.972937;10.272607
52.972937;10.272607
52.972937;10.272607
52.981493;10.254983
52.981713;10.254498
52.985754;10.245437
52.98007;10.223465
52.972111;10.20441
52.956395;10.182266
52.954843;10.153427
52.955218;10.119724
52.955218;10.119724
52.955218;10.119724
52.97067;10.107782
52.980535;10.094676
52.980948;10.091672
52.981549;10.089001
52.982498;10.086951
52.985253;10.087026
52.985263;10.088636
52.985382;10.089848
52.985734;10.089424
52.985369;10.089869
52.985247;10.089821
52.985363;10.089929
52.985256;10.088351
52.985285;10.087032
52.985915;10.086683
52.987175;10.08369
52.989517;10.080728
52.990536;10.080792
53.008586;10.044765
53.009568;10.029402
53.0184;10.010045
53.0184;10.010045
53.01685;9.99869
53.01685;9.99869
53.01685;9.99869
53.01685;9.99869
53.01685;9.99869
53.016074;9.991722
53.014267;9.986143
53.011851;9.963843
53.011851;9.963843
53.009258;9.956102
53.008018;9.950437
52.997378;9.924946
52.995105;9.914732
52.990625;9.905012
52.990625;9.905012
52.990625;9.905012
52.987407;9.885464
52.986839;9.858169
52.986984;9.837666
52.984617;9.837999
52.984288;9.837517
52.983848;9.837334
52.982188;9.833579
52.982395;9.82873
52.981775;9.823236
52.982292;9.820404
52.98162;9.819546
52.980483;9.811134
52.982085;9.798088
52.981672;9.766674
52.98038;9.762211
52.978984;9.750709
52.9764;9.720669
52.976548;9.717138
52.976548;9.717138
52.976548;9.717138
52.963426;9.708996
52.957325;9.699211
52.95081;9.694748
52.949702;9.691961
52.939949;9.68462
52.954533;9.662475
52.956653;9.650116
52.967045;9.624624
52.966786;9.622049
52.971619;9.605098
52.983764;9.587932
52.986103;9.587095
52.986477;9.583383
52.986038;9.581022
52.985483;9.58025
52.985105;9.579418
52.98557;9.578474
52.985329;9.577242
52.98545;9.578946
52.985098;9.579397
52.983934;9.57692
52.9837;9.575744
52.983409;9.575282
52.982854;9.57264
52.981058;9.56847
52.978421;9.559028
52.976685;9.554185
52.975299;9.549073
52.975299;9.549073
52.975299;9.549073
52.969618;9.525664
52.969618;9.525664
52.966993;9.50592
52.961255;9.490814
52.956437;9.455384
52.956437;9.455384
52.956437;9.455384
52.947071;9.413876
52.943936;9.390272
52.945586;9.37505
52.949207;9.363871
52.946983;9.348164
52.943219;9.331732
52.940492;9.320269
52.939276;9.314389
52.933586;9.313102
52.931708;9.310488
52.92937;9.306107
52.922617;9.308038
52.923704;9.297266
52.926446;9.29512
52.924583;9.28731
52.928419;9.285645
52.929088;9.282953
52.928975;9.27906
52.931982;9.276409
52.929881;9.268629
52.927429;9.257998
52.924545;9.259565
52.924338;9.258513
52.924648;9.258428
52.924364;9.258621
52.924499;9.259479
52.927455;9.257988
52.922958;9.238667
52.924169;9.236991
52.923376;9.231369
52.924247;9.230018
52.924635;9.228129
52.924415;9.227765
52.923439;9.228119
52.92305;9.226102
52.920741;9.227282
52.919997;9.2274
52.919357;9.221692
52.918671;9.220791
52.921608;9.205084
52.921246;9.200492
52.921556;9.196544
52.921391;9.190739
52.924273;9.185386
52.924635;9.18015
52.926162;9.176674
52.920107;9.164486
52.919907;9.160788
52.920203;9.159598
52.920203;9.159598
52.920263;9.157619
52.920263;9.149122
52.92317;9.144093
52.92317;9.144093
52.932137;9.136763
52.933845;9.129124
52.936482;9.121879
52.936013;9.118314
52.939225;9.107494
52.939897;9.099684
52.943207;9.095049
52.947862;9.092817
52.952287;9.087996
52.953757;9.08741
52.955308;9.083879
52.956717;9.079558
52.957636;9.074535
52.960145;9.07056
52.960145;9.07056
52.962938;9.064659
52.966063;9.048872
52.964925;9.04664
52.963529;9.032478
52.961048;9.028444
52.962211;9.026127
52.961927;9.023981
52.962235;9.020797
52.961901;9.02029
52.962112;9.016269
52.962159;9.009304
52.962595;9.007442
52.963349;9.006085
52.965382;9.005604
52.965382;9.005604
52.965003;8.999906
52.965468;8.996386
52.965882;8.989477
52.964874;8.988318
52.964197;8.987073
52.963219;8.984413
52.961849;8.983512
52.960376;8.977804
52.960221;8.970165
52.959471;8.968234
52.959885;8.961797
52.955244;8.952184
52.953167;8.95133
52.952749;8.949351
52.952894;8.948023
52.95262;8.947141
52.951443;8.946111
52.952236;8.942976
52.95432;8.939737
52.945778;8.924044
52.945778;8.924044
52.940052;8.906135
52.936685;8.893482
52.935578;8.889399
52.934284;8.887424
52.934314;8.885098
52.935086;8.884313
52.935569;8.881668
52.937113;8.877916
52.934547;8.856229
52.934547;8.856229
52.934547;8.856229
52.934547;8.856229
52.934362;8.85232
52.93638;8.845968
52.937983;8.836355
52.937725;8.833523
52.939276;8.829918
52.939434;8.82643
52.926475;8.823587
52.926475;8.823587
52.926395;8.819532
52.925463;8.816357
52.92497;8.808676
52.921797;8.804261
52.921804;8.804271
52.919946;8.800337
52.914895;8.802366
52.912452;8.793605
52.910351;8.782453
52.907867;8.774729
52.907349;8.765802
52.906003;8.760824
52.906469;8.758421
52.904761;8.747177
52.904933;8.736425
52.903092;8.725842
52.90312;8.725945
52.901344;8.726664
52.899946;8.722973
52.895286;8.722629
52.888401;8.708813
52.889499;8.703539
52.889499;8.703539
52.888762;8.681688
52.890471;8.681087
52.891299;8.679714
52.892315;8.673837
52.892315;8.673837
52.892315;8.673837
52.892315;8.673837
52.89337;8.667869
52.89306;8.664007
52.893111;8.656969
52.887415;8.638086
52.887128;8.626406
52.887193;8.624405
52.901939;8.61105
52.904269;8.607702
52.907841;8.604612
52.910557;8.600439
52.910397;8.597751
52.909937;8.590751
52.909103;8.586375
52.908312;8.582537
52.906146;8.578948
52.902805;8.569271
52.899299;8.560452
52.89759;8.551826
52.897667;8.533159
52.897667;8.533159
52.897667;8.533159
52.897667;8.533159
52.898988;8.515477
52.896523;8.498883
52.896523;8.498883
52.897487;8.494363
52.897254;8.489342
52.899998;8.4799
52.900557;8.473927
52.900593;8.463206
52.903052;8.456383
52.902146;8.449688
52.900024;8.443937
52.898225;8.4425
52.897564;8.439774
52.89748;8.43868
52.897616;8.436491
52.897325;8.436191
52.897461;8.436052
52.897331;8.436052
52.897558;8.436481
52.89748;8.438069
52.89759;8.436438
52.895798;8.43514
52.895157;8.433874
52.894779;8.432845
52.894827;8.432039
52.894522;8.431942
52.894277;8.431621
52.893882;8.431181
52.894128;8.43029
52.893901;8.431181
52.894794;8.432071
52.899215;8.410072
52.89879;8.2448
52.897797;8.237686
52.90009;8.215672
52.901215;8.181725
52.898509;8.173388
52.898806;8.173232
52.898503;8.173313
52.893163;8.152542
52.879491;8.114776
52.868819;8.075638
52.866332;8.068256
52.862912;8.063621
52.850526;8.051004
52.848789;8.046842
52.848841;8.045511
52.848167;8.042636
52.848524;8.041801
52.848323;8.039331
52.847574;8.038713
52.847804;8.035812
52.84923;8.033066
52.850206;8.029107
52.851603;8.025786
52.854738;8.014989
52.857224;8.002324
52.858104;8.004029
52.857289;8.002124
52.85887;7.993669
52.856732;7.992682
52.854802;7.993412
52.853506;7.994657
52.85085;7.993629
52.850578;7.986674
52.851212;7.983444
52.851212;7.983444
52.851562;7.979979
52.85107;7.976632
52.851174;7.971911
52.852547;7.965603
52.858689;7.921715
52.856227;7.920628
52.851744;7.915349
52.850889;7.913203
52.844616;7.902474
52.842672;7.897625
52.842284;7.894621
52.841584;7.893119
52.838006;7.889557
52.83544;7.877884
52.833314;7.874837
52.834014;7.869773
52.83396;7.861482
52.83396;7.861482
52.834714;7.857456
52.83544;7.850504
52.834247;7.84574
52.833062;7.83716
52.831731;7.83202
52.829891;7.825956
52.829658;7.822437
52.830254;7.814498
52.826741;7.810678
52.82713;7.808833
52.826935;7.808039
52.827571;7.805943
52.822942;7.793298
52.822112;7.791023
52.821282;7.785959
52.821412;7.783213
52.820564;7.782209
52.816121;7.781453
52.81504;7.7802
52.81504;7.7802
52.815032;7.777247
52.806705;7.758922
52.805771;7.752914
52.801724;7.738237
52.796811;7.725991
52.79439;7.720233
52.793161;7.718947
52.792095;7.716483
52.790047;7.714634
52.788074;7.707167
52.788438;7.701244
52.785323;7.691631
52.776549;7.685623
52.773226;7.685022
52.769955;7.679529
52.767139;7.676974
52.767139;7.676974
52.767139;7.676974
52.767139;7.676974
52.767139;7.676974
52.763151;7.672062
52.756711;7.660646
52.754269;7.658758
52.752971;7.656097
52.753958;7.650862
52.753803;7.647129
52.754191;7.642622
52.753554;7.63969
52.741659;7.622003
52.738578;7.621293
52.737586;7.621795
52.733823;7.619233
52.730087;7.614653
52.730087;7.614653
52.730087;7.614653
52.722258;7.60962
52.719918;7.609448
52.717268;7.609844
52.712564;7.608037
52.712564;7.608037
52.709571;7.606659
52.706858;7.606805
52.704735;7.605371
52.703175;7.603397
52.699586;7.583742
52.695165;7.576103
52.694176;7.552671
52.687361;7.530184
52.680181;7.51482
52.676657;7.502219
52.674873;7.497525
52.673468;7.494564
52.671776;7.48714
52.671912;7.486569
52.671464;7.487268
52.664802;7.48126
52.662793;7.480395
52.64624;7.47139
52.642907;7.46727
52.639001;7.45697
52.613003;7.41826
52.608625;7.418003
52.599972;7.411222
52.581879;7.384615
52.578176;7.37689
52.559849;7.363351
52.539353;7.346849
52.532723;7.343588
52.528755;7.338695
52.525609;7.329461
52.525605;7.329167
52.525621;7.329485
52.52557;7.329318
52.524442;7.327002
52.522787;7.325849
52.52305;7.323332
52.52288;7.321508
52.521953;7.322495
52.520269;7.321293
52.518847;7.319844
52.518858;7.318783
52.518258;7.317603
52.518219;7.316701
52.518467;7.316498
52.518258;7.316573
52.516077;7.31595
52.51199;7.307196
52.509692;7.29887
52.50943;7.295179
52.502848;7.275696
52.500862;7.269902
52.500235;7.270031
52.500052;7.2681
52.487328;7.229862
52.482258;7.219562
52.481108;7.209949
52.479539;7.203083
52.472743;7.19038
52.464273;7.158451
52.462477;7.130802
52.462477;7.130802
52.46056;7.118583
52.448868;7.103201
52.448739;7.103134
52.44492;7.09897
52.441833;7.093134
52.440787;7.08704
52.44097;7.079701
52.440682;7.078071
52.44097;7.072406
52.440734;7.072492
52.440419;7.078626
52.439884;7.078114
52.439536;7.079795
52.438341;7.079272
52.438027;7.079766
52.43634;7.078841
52.434298;7.076719
52.433461;7.076654
52.432572;7.077513
52.428202;7.077899
52.426475;7.077427
52.421633;7.071505
52.417786;7.066097
52.41331;7.063222
52.400769;7.053909
52.390975;7.023225
52.390085;7.022667
52.388775;7.01992
52.384925;7.015972
52.377289;7.008204
52.374774;7.005179
52.373608;7.006445
52.37294;7.006466
52.371905;7.008247
52.37032;7.007067
52.369586;7.006617
52.368302;7.006659
52.366442;7.007432
52.3639;7.007089
52.362852;7.009213
52.362314;7.010994
52.361069;7.013011
52.359051;7.018933
52.349484;7.027452
52.345303;7.027731
52.342996;7.030864
52.340977;7.02992
52.338905;7.030392
52.334775;7.029233
52.334067;7.02933
52.333569;7.029383
52.33391;7.030692
52.334028;7.031561
52.334034;7.030703
52.333648;7.029383
52.334749;7.029201
52.338945;7.03037
52.341029;7.02992
52.342996;7.03095
52.345342;7.027581
52.34951;7.027302
52.358881;7.019234
52.361096;7.013075
52.362393;7.010951
52.362904;7.009256
52.363874;7.007174
52.366651;7.007475
52.368237;7.006595
52.369655;7.00667
52.369763;7.004074
52.373973;6.995506
52.373949;6.989858
52.374499;6.987948
52.374577;6.985352
52.375756;6.983206
52.377653;6.974806
52.377653;6.974806
52.378996;6.9727
52.380131;6.967478
52.381703;6.966577
52.384925;6.963057
52.387151;6.962371
52.387309;6.957307
52.372665;6.852293
52.367948;6.828089
52.367621;6.825793
52.367752;6.819205
52.365075;6.788119
52.365424;6.784236
52.365014;6.776719
52.36462;6.773329
52.362565;6.762662
52.360656;6.745691
52.369091;6.705806
52.369091;6.705806
52.369091;6.705806
52.369101;6.702261
52.364221;6.682807
52.364221;6.682807
52.362419;6.681147
52.359667;6.680331
52.358459;6.67372
52.356296;6.674394
52.355981;6.671684
52.356153;6.669103
52.354465;6.668143
52.354491;6.664946
52.354858;6.664088
52.355356;6.663594
52.355054;6.661448
52.355081;6.658251
52.354425;6.658659
52.354635;6.6572
52.355264;6.655097
52.356103;6.625915
52.356181;6.615486
52.355313;6.609221
52.352677;6.599751
52.352355;6.596775
52.352721;6.592355
52.353258;6.588794
52.35383;6.580263
52.35383;6.580263
52.354835;6.57567
52.353849;6.573772
52.351851;6.571908
52.355218;6.564984
52.351856;6.550083
52.349419;6.541543
52.349681;6.533389
52.348943;6.531379
52.34647;6.532436
52.34647;6.532436
52.34647;6.532436
52.34647;6.532436
52.350262;6.498497
52.35219;6.495707
52.35466;6.492231
52.356889;6.489186
52.362675;6.485034
52.363983;6.48438
52.366572;6.443025
52.366245;6.443009
52.366429;6.442108
52.367182;6.430124
52.365367;6.430596
52.36504;6.428761
52.364987;6.426444
52.363625;6.424127
52.35972;6.405458
52.355919;6.398849
52.353639;6.391468
52.351776;6.383544
52.349025;6.38237
52.341396;6.369538
52.337358;6.362672
52.330881;6.348209
52.330933;6.347694
52.327681;6.343145
52.324481;6.337309
52.323342;6.331683
52.319445;6.314564
52.317688;6.312869
52.315694;6.311882
52.315326;6.310508
52.314348;6.310719
52.314949;6.302346
52.312493;6.300402
52.310473;6.300015
52.308537;6.297586
52.305461;6.288943
52.304097;6.28139
52.303703;6.269933
52.302601;6.269503
52.300029;6.265469
52.297099;6.262031
52.295399;6.25927
52.294019;6.255941
52.294439;6.250277
52.295279;6.24989
52.295462;6.247916
52.296722;6.244998
52.291446;6.236973
52.28743;6.232166
52.283867;6.219474
52.279537;6.214609
52.273093;6.198651
52.27207;6.197448
52.270011;6.196524
52.268446;6.193585
52.266286;6.178983
52.264776;6.17702
52.264711;6.176486
52.268455;6.176484
52.268341;6.17496
52.265624;6.169699
52.26974;6.165369
52.269585;6.165063
52.269986;6.16443
52.269359;6.163303
52.268779;6.161954
52.268912;6.161721
52.268755;6.161882
52.267337;6.158438
52.26742;6.157955
52.267074;6.157461
52.266148;6.155133
52.265505;6.15464
52.263062;6.156507
52.260895;6.157172
52.25972;6.154371
52.259103;6.154303
52.25903;6.153717
52.258854;6.153172
52.258676;6.151979
52.258098;6.151314
52.257662;6.149828
52.256876;6.148159
52.2473;6.134577
52.244299;6.12901
52.242991;6.123848
52.241835;6.12446
52.241099;6.119084
52.240836;6.114291
52.241046;6.113334
52.240231;6.109729
52.237628;6.105475
52.235939;6.100321
52.234292;6.09664
52.232728;6.094472
52.23127;6.093032
52.229495;6.090845
52.229777;6.089891
52.228522;6.0887
52.228838;6.088475
52.229193;6.087917
52.229418;6.087098
52.226078;6.083508
52.22454;6.083164
52.224579;6.082885
52.221501;6.082249
52.221135;6.082842
52.22107;6.083508
52.211849;6.081767
52.210166;6.073862
52.2068;6.071266
52.199319;6.069657
52.198638;6.070676
52.19827;6.068444
52.197033;6.06617
52.196534;6.063852
52.19631;6.06337
52.195376;6.06279
52.19508;6.062329
52.19506;6.063144
52.192616;6.074131
52.184774;6.076426
52.176364;6.077547
52.174775;6.074992
52.170397;6.067935
52.167936;6.064544
52.167141;6.061234
52.164293;6.055722
52.16135;6.055999
52.157101;6.052376
52.155527;6.049501
52.155527;6.049501
52.151845;6.0463
52.146104;6.042824
52.130909;6.036131
52.127568;6.028788
52.124193;6.026546
52.122475;6.022855
52.121448;6.021752
52.120527;6.020322
52.117983;6.020164
52.117469;6.019585
52.117403;6.018126
52.116244;6.017354
52.115453;6.018341
52.115025;6.019365
52.113938;6.021194
52.112311;6.022971
52.111184;6.024477
52.110445;6.026021
52.108416;6.027138
52.107942;6.026838
52.107125;6.027396
52.106532;6.027439
52.105794;6.02849
52.105137;6.02832
52.104138;6.027705
52.101536;6.027675
52.100508;6.026044
52.099454;6.025078
52.09629;6.021967
52.093785;6.020765
52.091109;6.020401
52.088092;6.017667
52.087426;6.017333
52.086783;6.016149
52.086783;6.016149
52.084899;6.015036
52.081774;6.012461
52.081801;6.012593
52.077918;6.021889
52.077918;6.021889
52.0746;6.015058
52.060701;5.992206
52.060701;5.992206
52.054654;5.978022
52.047371;5.981798
52.046315;5.984373
52.04027;5.988021
52.038581;5.989222
52.037498;5.989609
52.037145;5.990669
52.035017;5.987549
52.032509;5.985231
52.029657;5.981841
52.025511;5.979609
52.022554;5.979352
52.01846;5.977893
52.017628;5.97712
52.014023;5.976841
52.012821;5.973837
52.011686;5.973108
52.011078;5.971756
52.00915;5.970404
52.00837;5.965801
52.006908;5.959889
52.007027;5.959246
52.008412;5.956695
52.000114;5.943544
51.997904;5.93854
51.996772;5.93605
51.99481;5.933599
51.991971;5.931367
51.992883;5.927377
51.991039;5.920864
51.99006;5.918909
51.989571;5.917575
51.989215;5.915987
51.989347;5.915065
51.988369;5.909572
51.985299;5.905447
51.985023;5.905084
51.984008;5.905731
51.983486;5.90498
51.983426;5.903682
51.983512;5.905076
51.984094;5.905741
51.985098;5.904647
51.985068;5.90313
51.985706;5.899009
51.987305;5.896761
51.988187;5.89446
51.987989;5.894127
51.988147;5.894465
51.987444;5.896289
51.987059;5.897032
51.986294;5.898139
51.985815;5.89691
51.984995;5.896996
51.985805;5.896965
51.98559;5.899529
